bsausage
gcc -g main.c libftprintf.a -I includes -I libft/includes && ./a.out
              $
5^512
55626846462680034577255817933310101605480399511558295763833185422180110870347954896357078975312775514101683493275895275128810854038836502721400
30963444297052826944983830005826199025368606459090179803912617356259335520938127016626541645397371801227949921479099121251589771925295762186999
45221938437487362895112901262728849964145617704661278384483951248028995271441512998108338028588097537198924902397822222900748160377765866578348
41586939662825734294051183140794537141608771803070715941051121170285190347786926570042246331102750604036185540464179153763503857127117918822547
579033069472418242684328083352174724579376695971173152319349449321466491373527284227385153411689217559966957882267024615430273115634918212890625


static long	g_five[11][81] = {{5, -1}, {25, -1}, {625, -1}, {390625, -1},
	{587890625, 152, -1},//4
	{962890625, 64365386, 23283, -1},//5
	{712890625, 434970855, 3726400, 242752217, 542101086, -1},//6
	{212890625, 863681793, 569604314, 377187926, 193021880, 454666389,
		305561419, 992184134, 705571876, 293873587, -1},//7
	{212890625, 471103668, 471103668, 747746862, 37770580, 37770580,
		466936530, 989468319, 635969950, 635969950, 939461496, 265605472,
		34722882, 579715075, 31624270, 701685918, 850237034, 644362813,
		711160003, 628003995, 253863518, 550944446, 86361685, -1},//8
	{212890625, 685947418, 789578832, 153319891, 326499008, 846968657,
		927433551, 646003612, 336516628, 337206058, 265350215, 297563699,
		3222742, 31686823, 588507120, 414217260, 63914765, 446554365,
		435262941, 204074266, 781377495, 260792318, 84691481, 164829592,
		302660486, 728095225, 101453412, 603255836, 803361511, 890400427,
		304936174, 385070118, 333206278, 894271518, 534600406, 837376471,
		315462933, 743290965, 731200206, 7458340, -1},//9
	{212890625, 115634918, 615430273, 882267024, 559966957, 411689217,
		227385153, 373527284, 321466491, 319349449, 971173152, 579376695,
		352174724, 684328083, 472418242, 579033069, 918822547, 857127117,
		153763503, 540464179, 604036185, 331102750, 570042246, 347786926,
		170285190, 941051121, 803070715, 141608771, 140794537, 294051183,
		662825734, 841586939, 586657834, 816037776, 222290074, 490239782,
		753719892, 802858809, 299810833, 527144151, 124802899, 838448395,
		770466127, 996414561, 126272884, 289511290, 843748736, 994522193,
		957621869, 897719252, 991212515, 499214790, 718012279, 416453973,
		270166265, 355209381, 173562593, 798039126, 64590901, 990253686,
		300058261, 269449838, 442970528, 400309634, 836502721, 810854038,
		895275128, 683493275, 775514101, 78975312, 954896357, 110870347,
		185422180, 295763833, 399511558, 101605480, 817933310, 34577255,
		846462680, 55626, -1}//10
		};


1236455799999999526658444 8 48657233 4 0830680 67 795867919921875000000000000
1236455999999999926658444 9 48657233 9 0830680 72 795867919921875000000000000000000000000000000000000000

12364559999999999266584449486572339083068072795867919921875000000000000
12364559999999999266584449486572339083068072795867919921875000000000000000000000000000000000000000

0.0012364559999999997266584448486572338083068071795867919921875000000000000000000000000000000

0.0012364559999999999266584449486572339083068072795867919921875000000000000000000000000000000000000000

0.0012364560999999999266584449486572339083068085473864664808014392000000000000000000000000000

0.0012364559999999999266584449486572339083068072795867919921875000000000000000000000000000000000000000


0.0012364559999999999266584449486572339083068072795867919921875000000000000000000000000000000

0.0012364559999999999266584449486572339083068072795867919921875000000000000000000000000000000000000000
0 000 000 000 000 000
